800
0.0052831172943115234

1600
0.009471654891967773

3200
0.0277862548828125

6400
0.08017587661743164

12800
0.10051107406616211

25600
0.18888211250305176

51200
0.26120972633361816




outras entradas

12800
0.1313319206237793


25600
0.14059019088745117
++++++++++++++++++++++++++


51200
0.2754955291748047

102400
0.5294005870819092

204800
1.31569504737854

409600
2.6674180030822754

819200
5.5848917961120605

1638400
17.545719146728516

3276800
26.77403974533081

6553600
108.1582498550415

+++++++++++++++++++++++++++



















x = np.array([51200, 102400, 204800, 409600, 819200, 1638400, 3276800, 6553600])
y = np.array([0.2754955291748047,
              0.5294005870819092,
              1.31569504737854,
              2.6674180030822754,
              5.5848917961120605,
              17.545719146728516,
              26.77403974533081,
              108.1582498550415])
























1000
0.005019664764404297

2000
0.007019996643066406

4000
0.012024641036987305



8000
0.027751684188842773

16000
0.05894732475280762

32000
0.12016892433166504

64000
0.3523280620574951

128000
0.5718193054199219

256000
1.3303477764129639

512000
2.889869213104248

====================================























15
0.011626005172729492

16
0.002309083938598633

17
0.02475285530090332

18
0.025831937789916992

19
0.08661818504333496
















































24, 25, 26, 27, 28, 29
--
24
1.5196905136108398

25
2.987525224685669

26
5.919523239135742

27
12.441267251968384

28
24.833341121673584

29
47.445162534713745

30
94.58348202705383


